title:Season of the Chosen Wishlist
description: Ideal rolls from Season of the Chosen. Created by eurotransient.

// Imperial Needle
dimwishlist:item=3460122497&perks=2801223209,3429800428,201365942,4104185692
dimwishlist:item=3460122497&perks=4067834857,3429800428,201365942,4104185692
dimwishlist:item=3460122497&perks=3768438372,3429800428,201365942,4104185692
dimwishlist:item=3460122497&perks=2801223209,3827198035,201365942,4104185692
dimwishlist:item=3460122497&perks=4067834857,3827198035,201365942,4104185692
dimwishlist:item=3460122497&perks=3768438372,3827198035,201365942,4104185692
dimwishlist:item=3460122497&perks=2801223209,16392701,201365942,4104185692
dimwishlist:item=3460122497&perks=4067834857,16392701,201365942,4104185692
dimwishlist:item=3460122497&perks=3768438372,16392701,201365942,4104185692
dimwishlist:item=3460122497&perks=2801223209,3311977193,201365942,4104185692
dimwishlist:item=3460122497&perks=4067834857,3311977193,201365942,4104185692
dimwishlist:item=3460122497&perks=3768438372,3311977193,201365942,4104185692
dimwishlist:item=3460122497&perks=2801223209,2154191829,201365942,4104185692
dimwishlist:item=3460122497&perks=4067834857,2154191829,201365942,4104185692
dimwishlist:item=3460122497&perks=3768438372,2154191829,201365942,4104185692
dimwishlist:item=3460122497&perks=2801223209,3429800428,951095735,4104185692
dimwishlist:item=3460122497&perks=4067834857,3429800428,951095735,4104185692
dimwishlist:item=3460122497&perks=3768438372,3429800428,951095735,4104185692
dimwishlist:item=3460122497&perks=2801223209,3827198035,951095735,4104185692
dimwishlist:item=3460122497&perks=4067834857,3827198035,951095735,4104185692
dimwishlist:item=3460122497&perks=3768438372,3827198035,951095735,4104185692
dimwishlist:item=3460122497&perks=2801223209,16392701,951095735,4104185692
dimwishlist:item=3460122497&perks=4067834857,16392701,951095735,4104185692
dimwishlist:item=3460122497&perks=3768438372,16392701,951095735,4104185692
dimwishlist:item=3460122497&perks=2801223209,3311977193,951095735,4104185692
dimwishlist:item=3460122497&perks=4067834857,3311977193,951095735,4104185692
dimwishlist:item=3460122497&perks=3768438372,3311977193,951095735,4104185692
dimwishlist:item=3460122497&perks=2801223209,2154191829,951095735,4104185692
dimwishlist:item=3460122497&perks=4067834857,2154191829,951095735,4104185692
dimwishlist:item=3460122497&perks=3768438372,2154191829,951095735,4104185692
dimwishlist:item=3460122497&perks=2801223209,3429800428,2450788523,4104185692
dimwishlist:item=3460122497&perks=4067834857,3429800428,2450788523,4104185692
dimwishlist:item=3460122497&perks=3768438372,3429800428,2450788523,4104185692
dimwishlist:item=3460122497&perks=2801223209,3827198035,2450788523,4104185692
dimwishlist:item=3460122497&perks=4067834857,3827198035,2450788523,4104185692
dimwishlist:item=3460122497&perks=3768438372,3827198035,2450788523,4104185692
dimwishlist:item=3460122497&perks=2801223209,16392701,2450788523,4104185692
dimwishlist:item=3460122497&perks=4067834857,16392701,2450788523,4104185692
dimwishlist:item=3460122497&perks=3768438372,16392701,2450788523,4104185692
dimwishlist:item=3460122497&perks=2801223209,3311977193,2450788523,4104185692
dimwishlist:item=3460122497&perks=4067834857,3311977193,2450788523,4104185692
dimwishlist:item=3460122497&perks=3768438372,3311977193,2450788523,4104185692
dimwishlist:item=3460122497&perks=2801223209,2154191829,2450788523,4104185692
dimwishlist:item=3460122497&perks=4067834857,2154191829,2450788523,4104185692
dimwishlist:item=3460122497&perks=3768438372,2154191829,2450788523,4104185692
dimwishlist:item=3460122497&perks=2801223209,3429800428,201365942,4082225868
dimwishlist:item=3460122497&perks=4067834857,3429800428,201365942,4082225868
dimwishlist:item=3460122497&perks=3768438372,3429800428,201365942,4082225868
dimwishlist:item=3460122497&perks=2801223209,3827198035,201365942,4082225868
dimwishlist:item=3460122497&perks=4067834857,3827198035,201365942,4082225868
dimwishlist:item=3460122497&perks=3768438372,3827198035,201365942,4082225868
dimwishlist:item=3460122497&perks=2801223209,16392701,201365942,4082225868
dimwishlist:item=3460122497&perks=4067834857,16392701,201365942,4082225868
dimwishlist:item=3460122497&perks=3768438372,16392701,201365942,4082225868
dimwishlist:item=3460122497&perks=2801223209,3311977193,201365942,4082225868
dimwishlist:item=3460122497&perks=4067834857,3311977193,201365942,4082225868
dimwishlist:item=3460122497&perks=3768438372,3311977193,201365942,4082225868
dimwishlist:item=3460122497&perks=2801223209,2154191829,201365942,4082225868
dimwishlist:item=3460122497&perks=4067834857,2154191829,201365942,4082225868
dimwishlist:item=3460122497&perks=3768438372,2154191829,201365942,4082225868
dimwishlist:item=3460122497&perks=2801223209,3429800428,951095735,4082225868
dimwishlist:item=3460122497&perks=4067834857,3429800428,951095735,4082225868
dimwishlist:item=3460122497&perks=3768438372,3429800428,951095735,4082225868
dimwishlist:item=3460122497&perks=2801223209,3827198035,951095735,4082225868
dimwishlist:item=3460122497&perks=4067834857,3827198035,951095735,4082225868
dimwishlist:item=3460122497&perks=3768438372,3827198035,951095735,4082225868
dimwishlist:item=3460122497&perks=2801223209,16392701,951095735,4082225868
dimwishlist:item=3460122497&perks=4067834857,16392701,951095735,4082225868
dimwishlist:item=3460122497&perks=3768438372,16392701,951095735,4082225868
dimwishlist:item=3460122497&perks=2801223209,3311977193,951095735,4082225868
dimwishlist:item=3460122497&perks=4067834857,3311977193,951095735,4082225868
dimwishlist:item=3460122497&perks=3768438372,3311977193,951095735,4082225868
dimwishlist:item=3460122497&perks=2801223209,2154191829,951095735,4082225868
dimwishlist:item=3460122497&perks=4067834857,2154191829,951095735,4082225868
dimwishlist:item=3460122497&perks=3768438372,2154191829,951095735,4082225868
dimwishlist:item=3460122497&perks=2801223209,3429800428,2450788523,4082225868
dimwishlist:item=3460122497&perks=4067834857,3429800428,2450788523,4082225868
dimwishlist:item=3460122497&perks=3768438372,3429800428,2450788523,4082225868
dimwishlist:item=3460122497&perks=2801223209,3827198035,2450788523,4082225868
dimwishlist:item=3460122497&perks=4067834857,3827198035,2450788523,4082225868
dimwishlist:item=3460122497&perks=3768438372,3827198035,2450788523,4082225868
dimwishlist:item=3460122497&perks=2801223209,16392701,2450788523,4082225868
dimwishlist:item=3460122497&perks=4067834857,16392701,2450788523,4082225868
dimwishlist:item=3460122497&perks=3768438372,16392701,2450788523,4082225868
dimwishlist:item=3460122497&perks=2801223209,3311977193,2450788523,4082225868
dimwishlist:item=3460122497&perks=4067834857,3311977193,2450788523,4082225868
dimwishlist:item=3460122497&perks=3768438372,3311977193,2450788523,4082225868
dimwishlist:item=3460122497&perks=2801223209,2154191829,2450788523,4082225868
dimwishlist:item=3460122497&perks=4067834857,2154191829,2450788523,4082225868
dimwishlist:item=3460122497&perks=3768438372,2154191829,2450788523,4082225868
dimwishlist:item=3460122497&perks=2801223209,3429800428,201365942,3592538738
dimwishlist:item=3460122497&perks=4067834857,3429800428,201365942,3592538738
dimwishlist:item=3460122497&perks=3768438372,3429800428,201365942,3592538738
dimwishlist:item=3460122497&perks=2801223209,3827198035,201365942,3592538738
dimwishlist:item=3460122497&perks=4067834857,3827198035,201365942,3592538738
dimwishlist:item=3460122497&perks=3768438372,3827198035,201365942,3592538738
dimwishlist:item=3460122497&perks=2801223209,16392701,201365942,3592538738
dimwishlist:item=3460122497&perks=4067834857,16392701,201365942,3592538738
dimwishlist:item=3460122497&perks=3768438372,16392701,201365942,3592538738
dimwishlist:item=3460122497&perks=2801223209,3311977193,201365942,3592538738
dimwishlist:item=3460122497&perks=4067834857,3311977193,201365942,3592538738
dimwishlist:item=3460122497&perks=3768438372,3311977193,201365942,3592538738
dimwishlist:item=3460122497&perks=2801223209,2154191829,201365942,3592538738
dimwishlist:item=3460122497&perks=4067834857,2154191829,201365942,3592538738
dimwishlist:item=3460122497&perks=3768438372,2154191829,201365942,3592538738
dimwishlist:item=3460122497&perks=2801223209,3429800428,951095735,3592538738
dimwishlist:item=3460122497&perks=4067834857,3429800428,951095735,3592538738
dimwishlist:item=3460122497&perks=3768438372,3429800428,951095735,3592538738
dimwishlist:item=3460122497&perks=2801223209,3827198035,951095735,3592538738
dimwishlist:item=3460122497&perks=4067834857,3827198035,951095735,3592538738
dimwishlist:item=3460122497&perks=3768438372,3827198035,951095735,3592538738
dimwishlist:item=3460122497&perks=2801223209,16392701,951095735,3592538738
dimwishlist:item=3460122497&perks=4067834857,16392701,951095735,3592538738
dimwishlist:item=3460122497&perks=3768438372,16392701,951095735,3592538738
dimwishlist:item=3460122497&perks=2801223209,3311977193,951095735,3592538738
dimwishlist:item=3460122497&perks=4067834857,3311977193,951095735,3592538738
dimwishlist:item=3460122497&perks=3768438372,3311977193,951095735,3592538738
dimwishlist:item=3460122497&perks=2801223209,2154191829,951095735,3592538738
dimwishlist:item=3460122497&perks=4067834857,2154191829,951095735,3592538738
dimwishlist:item=3460122497&perks=3768438372,2154191829,951095735,3592538738
dimwishlist:item=3460122497&perks=2801223209,3429800428,2450788523,3592538738
dimwishlist:item=3460122497&perks=4067834857,3429800428,2450788523,3592538738
dimwishlist:item=3460122497&perks=3768438372,3429800428,2450788523,3592538738
dimwishlist:item=3460122497&perks=2801223209,3827198035,2450788523,3592538738
dimwishlist:item=3460122497&perks=4067834857,3827198035,2450788523,3592538738
dimwishlist:item=3460122497&perks=3768438372,3827198035,2450788523,3592538738
dimwishlist:item=3460122497&perks=2801223209,16392701,2450788523,3592538738
dimwishlist:item=3460122497&perks=4067834857,16392701,2450788523,3592538738
dimwishlist:item=3460122497&perks=3768438372,16392701,2450788523,3592538738
dimwishlist:item=3460122497&perks=2801223209,3311977193,2450788523,3592538738
dimwishlist:item=3460122497&perks=4067834857,3311977193,2450788523,3592538738
dimwishlist:item=3460122497&perks=3768438372,3311977193,2450788523,3592538738
dimwishlist:item=3460122497&perks=2801223209,2154191829,2450788523,3592538738
dimwishlist:item=3460122497&perks=4067834857,2154191829,2450788523,3592538738
dimwishlist:item=3460122497&perks=3768438372,2154191829,2450788523,3592538738

//