title:Iron Banner Wishlist
description: Ideal weapon rolls from Iron Banner Weapons. Created by eurotransient.

// Multimach CCX
dimwishlist:item=3717177717&perks=2209280306,106909392,2450788523,4049631843
dimwishlist:item=3717177717&perks=2209280307,106909392,2450788523,4049631843
dimwishlist:item=3717177717&perks=663495155,106909392,2450788523,4049631843
dimwishlist:item=3717177717&perks=663495154,106909392,2450788523,4049631843
dimwishlist:item=3717177717&perks=2209280306,1087426260,2450788523,4049631843
dimwishlist:item=3717177717&perks=2209280307,1087426260,2450788523,4049631843
dimwishlist:item=3717177717&perks=663495155,1087426260,2450788523,4049631843
dimwishlist:item=3717177717&perks=663495154,1087426260,2450788523,4049631843
dimwishlist:item=3717177717&perks=2209280306,3230963543,2450788523,4049631843
dimwishlist:item=3717177717&perks=2209280307,3230963543,2450788523,4049631843
dimwishlist:item=3717177717&perks=663495155,3230963543,2450788523,4049631843
dimwishlist:item=3717177717&perks=663495154,3230963543,2450788523,4049631843
dimwishlist:item=3717177717&perks=2209280306,3142289711,2450788523,4049631843
dimwishlist:item=3717177717&perks=2209280307,3142289711,2450788523,4049631843
dimwishlist:item=3717177717&perks=663495155,3142289711,2450788523,4049631843
dimwishlist:item=3717177717&perks=663495154,3142289711,2450788523,4049631843
dimwishlist:item=3717177717&perks=2209280306,106909392,4071163871,4049631843
dimwishlist:item=3717177717&perks=2209280307,106909392,4071163871,4049631843
dimwishlist:item=3717177717&perks=663495155,106909392,4071163871,4049631843
dimwishlist:item=3717177717&perks=663495154,106909392,4071163871,4049631843
dimwishlist:item=3717177717&perks=2209280306,1087426260,4071163871,4049631843
dimwishlist:item=3717177717&perks=2209280307,1087426260,4071163871,4049631843
dimwishlist:item=3717177717&perks=663495155,1087426260,4071163871,4049631843
dimwishlist:item=3717177717&perks=663495154,1087426260,4071163871,4049631843
dimwishlist:item=3717177717&perks=2209280306,3230963543,4071163871,4049631843
dimwishlist:item=3717177717&perks=2209280307,3230963543,4071163871,4049631843
dimwishlist:item=3717177717&perks=663495155,3230963543,4071163871,4049631843
dimwishlist:item=3717177717&perks=663495154,3230963543,4071163871,4049631843
dimwishlist:item=3717177717&perks=2209280306,3142289711,4071163871,4049631843
dimwishlist:item=3717177717&perks=2209280307,3142289711,4071163871,4049631843
dimwishlist:item=3717177717&perks=663495155,3142289711,4071163871,4049631843
dimwishlist:item=3717177717&perks=663495154,3142289711,4071163871,4049631843
dimwishlist:item=3717177717&perks=2209280306,106909392,706527188,4049631843
dimwishlist:item=3717177717&perks=2209280307,106909392,706527188,4049631843
dimwishlist:item=3717177717&perks=663495155,106909392,706527188,4049631843
dimwishlist:item=3717177717&perks=663495154,106909392,706527188,4049631843
dimwishlist:item=3717177717&perks=2209280306,1087426260,706527188,4049631843
dimwishlist:item=3717177717&perks=2209280307,1087426260,706527188,4049631843
dimwishlist:item=3717177717&perks=663495155,1087426260,706527188,4049631843
dimwishlist:item=3717177717&perks=663495154,1087426260,706527188,4049631843
dimwishlist:item=3717177717&perks=2209280306,3230963543,706527188,4049631843
dimwishlist:item=3717177717&perks=2209280307,3230963543,706527188,4049631843
dimwishlist:item=3717177717&perks=663495155,3230963543,706527188,4049631843
dimwishlist:item=3717177717&perks=663495154,3230963543,706527188,4049631843
dimwishlist:item=3717177717&perks=2209280306,3142289711,706527188,4049631843
dimwishlist:item=3717177717&perks=2209280307,3142289711,706527188,4049631843
dimwishlist:item=3717177717&perks=663495155,3142289711,706527188,4049631843
dimwishlist:item=3717177717&perks=663495154,3142289711,706527188,4049631843
dimwishlist:item=3717177717&perks=2209280306,106909392,2450788523,1015611457
dimwishlist:item=3717177717&perks=2209280307,106909392,2450788523,1015611457
dimwishlist:item=3717177717&perks=663495155,106909392,2450788523,1015611457
dimwishlist:item=3717177717&perks=663495154,106909392,2450788523,1015611457
dimwishlist:item=3717177717&perks=2209280306,1087426260,2450788523,1015611457
dimwishlist:item=3717177717&perks=2209280307,1087426260,2450788523,1015611457
dimwishlist:item=3717177717&perks=663495155,1087426260,2450788523,1015611457
dimwishlist:item=3717177717&perks=663495154,1087426260,2450788523,1015611457
dimwishlist:item=3717177717&perks=2209280306,3230963543,2450788523,1015611457
dimwishlist:item=3717177717&perks=2209280307,3230963543,2450788523,1015611457
dimwishlist:item=3717177717&perks=663495155,3230963543,2450788523,1015611457
dimwishlist:item=3717177717&perks=663495154,3230963543,2450788523,1015611457
dimwishlist:item=3717177717&perks=2209280306,3142289711,2450788523,1015611457
dimwishlist:item=3717177717&perks=2209280307,3142289711,2450788523,1015611457
dimwishlist:item=3717177717&perks=663495155,3142289711,2450788523,1015611457
dimwishlist:item=3717177717&perks=663495154,3142289711,2450788523,1015611457
dimwishlist:item=3717177717&perks=2209280306,106909392,4071163871,1015611457
dimwishlist:item=3717177717&perks=2209280307,106909392,4071163871,1015611457
dimwishlist:item=3717177717&perks=663495155,106909392,4071163871,1015611457
dimwishlist:item=3717177717&perks=663495154,106909392,4071163871,1015611457
dimwishlist:item=3717177717&perks=2209280306,1087426260,4071163871,1015611457
dimwishlist:item=3717177717&perks=2209280307,1087426260,4071163871,1015611457
dimwishlist:item=3717177717&perks=663495155,1087426260,4071163871,1015611457
dimwishlist:item=3717177717&perks=663495154,1087426260,4071163871,1015611457
dimwishlist:item=3717177717&perks=2209280306,3230963543,4071163871,1015611457
dimwishlist:item=3717177717&perks=2209280307,3230963543,4071163871,1015611457
dimwishlist:item=3717177717&perks=663495155,3230963543,4071163871,1015611457
dimwishlist:item=3717177717&perks=663495154,3230963543,4071163871,1015611457
dimwishlist:item=3717177717&perks=2209280306,3142289711,4071163871,1015611457
dimwishlist:item=3717177717&perks=2209280307,3142289711,4071163871,1015611457
dimwishlist:item=3717177717&perks=663495155,3142289711,4071163871,1015611457
dimwishlist:item=3717177717&perks=663495154,3142289711,4071163871,1015611457
dimwishlist:item=3717177717&perks=2209280306,106909392,706527188,1015611457
dimwishlist:item=3717177717&perks=2209280307,106909392,706527188,1015611457
dimwishlist:item=3717177717&perks=663495155,106909392,706527188,1015611457
dimwishlist:item=3717177717&perks=663495154,106909392,706527188,1015611457
dimwishlist:item=3717177717&perks=2209280306,1087426260,706527188,1015611457
dimwishlist:item=3717177717&perks=2209280307,1087426260,706527188,1015611457
dimwishlist:item=3717177717&perks=663495155,1087426260,706527188,1015611457
dimwishlist:item=3717177717&perks=663495154,1087426260,706527188,1015611457
dimwishlist:item=3717177717&perks=2209280306,3230963543,706527188,1015611457
dimwishlist:item=3717177717&perks=2209280307,3230963543,706527188,1015611457
dimwishlist:item=3717177717&perks=663495155,3230963543,706527188,1015611457
dimwishlist:item=3717177717&perks=663495154,3230963543,706527188,1015611457
dimwishlist:item=3717177717&perks=2209280306,3142289711,706527188,1015611457
dimwishlist:item=3717177717&perks=2209280307,3142289711,706527188,1015611457
dimwishlist:item=3717177717&perks=663495155,3142289711,706527188,1015611457
dimwishlist:item=3717177717&perks=663495154,3142289711,706527188,1015611457

//