title:Raid Weapon Wishlist
description: Ideal rolls from current raids. Created by eurotransient.

// Vault of Glass

// Fatebringer
dimwishlist:item=2171478765&perks=3250034553,106909392,3418782618,1561789734
dimwishlist:item=2171478765&perks=1482024992,106909392,3418782618,1561789734
dimwishlist:item=2171478765&perks=1840239774,106909392,3418782618,1561789734
dimwishlist:item=2171478765&perks=4090651448,106909392,3418782618,1561789734
dimwishlist:item=2171478765&perks=1392496348,106909392,3418782618,1561789734
dimwishlist:item=2171478765&perks=839105230,106909392,3418782618,1561789734
dimwishlist:item=2171478765&perks=3250034553,3142289711,3418782618,1561789734
dimwishlist:item=2171478765&perks=1482024992,3142289711,3418782618,1561789734
dimwishlist:item=2171478765&perks=1840239774,3142289711,3418782618,1561789734
dimwishlist:item=2171478765&perks=4090651448,3142289711,3418782618,1561789734
dimwishlist:item=2171478765&perks=1392496348,3142289711,3418782618,1561789734
dimwishlist:item=2171478765&perks=839105230,3142289711,3418782618,1561789734
dimwishlist:item=2171478765&perks=3250034553,3230963543,3418782618,1561789734
dimwishlist:item=2171478765&perks=1482024992,3230963543,3418782618,1561789734
dimwishlist:item=2171478765&perks=1840239774,3230963543,3418782618,1561789734
dimwishlist:item=2171478765&perks=4090651448,3230963543,3418782618,1561789734
dimwishlist:item=2171478765&perks=1392496348,3230963543,3418782618,1561789734
dimwishlist:item=2171478765&perks=839105230,3230963543,3418782618,1561789734
dimwishlist:item=2171478765&perks=3250034553,1087426260,3418782618,1561789734
dimwishlist:item=2171478765&perks=1482024992,1087426260,3418782618,1561789734
dimwishlist:item=2171478765&perks=1840239774,1087426260,3418782618,1561789734
dimwishlist:item=2171478765&perks=4090651448,1087426260,3418782618,1561789734
dimwishlist:item=2171478765&perks=1392496348,1087426260,3418782618,1561789734
dimwishlist:item=2171478765&perks=839105230,1087426260,3418782618,1561789734
dimwishlist:item=2171478765&perks=3250034553,106909392,3418782618,3824105627
dimwishlist:item=2171478765&perks=1482024992,106909392,3418782618,3824105627
dimwishlist:item=2171478765&perks=1840239774,106909392,3418782618,3824105627
dimwishlist:item=2171478765&perks=4090651448,106909392,3418782618,3824105627
dimwishlist:item=2171478765&perks=1392496348,106909392,3418782618,3824105627
dimwishlist:item=2171478765&perks=839105230,106909392,3418782618,3824105627
dimwishlist:item=2171478765&perks=3250034553,3142289711,3418782618,3824105627
dimwishlist:item=2171478765&perks=1482024992,3142289711,3418782618,3824105627
dimwishlist:item=2171478765&perks=1840239774,3142289711,3418782618,3824105627
dimwishlist:item=2171478765&perks=4090651448,3142289711,3418782618,3824105627
dimwishlist:item=2171478765&perks=1392496348,3142289711,3418782618,3824105627
dimwishlist:item=2171478765&perks=839105230,3142289711,3418782618,3824105627
dimwishlist:item=2171478765&perks=3250034553,3230963543,3418782618,3824105627
dimwishlist:item=2171478765&perks=1482024992,3230963543,3418782618,3824105627
dimwishlist:item=2171478765&perks=1840239774,3230963543,3418782618,3824105627
dimwishlist:item=2171478765&perks=4090651448,3230963543,3418782618,3824105627
dimwishlist:item=2171478765&perks=1392496348,3230963543,3418782618,3824105627
dimwishlist:item=2171478765&perks=839105230,3230963543,3418782618,3824105627
dimwishlist:item=2171478765&perks=3250034553,1087426260,3418782618,3824105627
dimwishlist:item=2171478765&perks=1482024992,1087426260,3418782618,3824105627
dimwishlist:item=2171478765&perks=1840239774,1087426260,3418782618,3824105627
dimwishlist:item=2171478765&perks=4090651448,1087426260,3418782618,3824105627
dimwishlist:item=2171478765&perks=1392496348,1087426260,3418782618,3824105627
dimwishlist:item=2171478765&perks=839105230,1087426260,3418782618,3824105627
dimwishlist:item=2171478765&perks=3250034553,106909392,2946784966,1015611457
dimwishlist:item=2171478765&perks=1482024992,106909392,2946784966,1015611457
dimwishlist:item=2171478765&perks=1840239774,106909392,2946784966,1015611457
dimwishlist:item=2171478765&perks=4090651448,106909392,2946784966,1015611457
dimwishlist:item=2171478765&perks=1392496348,106909392,2946784966,1015611457
dimwishlist:item=2171478765&perks=839105230,106909392,2946784966,1015611457
dimwishlist:item=2171478765&perks=3250034553,3142289711,2946784966,1015611457
dimwishlist:item=2171478765&perks=1482024992,3142289711,2946784966,1015611457
dimwishlist:item=2171478765&perks=1840239774,3142289711,2946784966,1015611457
dimwishlist:item=2171478765&perks=4090651448,3142289711,2946784966,1015611457
dimwishlist:item=2171478765&perks=1392496348,3142289711,2946784966,1015611457
dimwishlist:item=2171478765&perks=839105230,3142289711,2946784966,1015611457
dimwishlist:item=2171478765&perks=3250034553,3230963543,2946784966,1015611457
dimwishlist:item=2171478765&perks=1482024992,3230963543,2946784966,1015611457
dimwishlist:item=2171478765&perks=1840239774,3230963543,2946784966,1015611457
dimwishlist:item=2171478765&perks=4090651448,3230963543,2946784966,1015611457
dimwishlist:item=2171478765&perks=1392496348,3230963543,2946784966,1015611457
dimwishlist:item=2171478765&perks=839105230,3230963543,2946784966,1015611457
dimwishlist:item=2171478765&perks=3250034553,1087426260,2946784966,1015611457
dimwishlist:item=2171478765&perks=1482024992,1087426260,2946784966,1015611457
dimwishlist:item=2171478765&perks=1840239774,1087426260,2946784966,1015611457
dimwishlist:item=2171478765&perks=4090651448,1087426260,2946784966,1015611457
dimwishlist:item=2171478765&perks=1392496348,1087426260,2946784966,1015611457
dimwishlist:item=2171478765&perks=839105230,1087426260,2946784966,1015611457
dimwishlist:item=2171478765&perks=3250034553,106909392,2450788523,1015611457
dimwishlist:item=2171478765&perks=1482024992,106909392,2450788523,1015611457
dimwishlist:item=2171478765&perks=1840239774,106909392,2450788523,1015611457
dimwishlist:item=2171478765&perks=4090651448,106909392,2450788523,1015611457
dimwishlist:item=2171478765&perks=1392496348,106909392,2450788523,1015611457
dimwishlist:item=2171478765&perks=839105230,106909392,2450788523,1015611457
dimwishlist:item=2171478765&perks=3250034553,3142289711,2450788523,1015611457
dimwishlist:item=2171478765&perks=1482024992,3142289711,2450788523,1015611457
dimwishlist:item=2171478765&perks=1840239774,3142289711,2450788523,1015611457
dimwishlist:item=2171478765&perks=4090651448,3142289711,2450788523,1015611457
dimwishlist:item=2171478765&perks=1392496348,3142289711,2450788523,1015611457
dimwishlist:item=2171478765&perks=839105230,3142289711,2450788523,1015611457
dimwishlist:item=2171478765&perks=3250034553,3230963543,2450788523,1015611457
dimwishlist:item=2171478765&perks=1482024992,3230963543,2450788523,1015611457
dimwishlist:item=2171478765&perks=1840239774,3230963543,2450788523,1015611457
dimwishlist:item=2171478765&perks=4090651448,3230963543,2450788523,1015611457
dimwishlist:item=2171478765&perks=1392496348,3230963543,2450788523,1015611457
dimwishlist:item=2171478765&perks=839105230,3230963543,2450788523,1015611457
dimwishlist:item=2171478765&perks=3250034553,1087426260,2450788523,1015611457
dimwishlist:item=2171478765&perks=1482024992,1087426260,2450788523,1015611457
dimwishlist:item=2171478765&perks=1840239774,1087426260,2450788523,1015611457
dimwishlist:item=2171478765&perks=4090651448,1087426260,2450788523,1015611457
dimwishlist:item=2171478765&perks=1392496348,1087426260,2450788523,1015611457
dimwishlist:item=2171478765&perks=839105230,1087426260,2450788523,1015611457
dimwishlist:item=2171478765&perks=3250034553,106909392,3038247973,1561789734
dimwishlist:item=2171478765&perks=1482024992,106909392,3038247973,1561789734
dimwishlist:item=2171478765&perks=1840239774,106909392,3038247973,1561789734
dimwishlist:item=2171478765&perks=4090651448,106909392,3038247973,1561789734
dimwishlist:item=2171478765&perks=1392496348,106909392,3038247973,1561789734
dimwishlist:item=2171478765&perks=839105230,106909392,3038247973,1561789734
dimwishlist:item=2171478765&perks=3250034553,3142289711,3038247973,1561789734
dimwishlist:item=2171478765&perks=1482024992,3142289711,3038247973,1561789734
dimwishlist:item=2171478765&perks=1840239774,3142289711,3038247973,1561789734
dimwishlist:item=2171478765&perks=4090651448,3142289711,3038247973,1561789734
dimwishlist:item=2171478765&perks=1392496348,3142289711,3038247973,1561789734
dimwishlist:item=2171478765&perks=839105230,3142289711,3038247973,1561789734
dimwishlist:item=2171478765&perks=3250034553,3230963543,3038247973,1561789734
dimwishlist:item=2171478765&perks=1482024992,3230963543,3038247973,1561789734
dimwishlist:item=2171478765&perks=1840239774,3230963543,3038247973,1561789734
dimwishlist:item=2171478765&perks=4090651448,3230963543,3038247973,1561789734
dimwishlist:item=2171478765&perks=1392496348,3230963543,3038247973,1561789734
dimwishlist:item=2171478765&perks=839105230,3230963543,3038247973,1561789734
dimwishlist:item=2171478765&perks=3250034553,1087426260,3038247973,1561789734
dimwishlist:item=2171478765&perks=1482024992,1087426260,3038247973,1561789734
dimwishlist:item=2171478765&perks=1840239774,1087426260,3038247973,1561789734
dimwishlist:item=2171478765&perks=4090651448,1087426260,3038247973,1561789734
dimwishlist:item=2171478765&perks=1392496348,1087426260,3038247973,1561789734
dimwishlist:item=2171478765&perks=839105230,1087426260,3038247973,1561789734
dimwishlist:item=2171478765&perks=3250034553,106909392,3038247973,4104185692
dimwishlist:item=2171478765&perks=1482024992,106909392,3038247973,4104185692
dimwishlist:item=2171478765&perks=1840239774,106909392,3038247973,4104185692
dimwishlist:item=2171478765&perks=4090651448,106909392,3038247973,4104185692
dimwishlist:item=2171478765&perks=1392496348,106909392,3038247973,4104185692
dimwishlist:item=2171478765&perks=839105230,106909392,3038247973,4104185692
dimwishlist:item=2171478765&perks=3250034553,3142289711,3038247973,4104185692
dimwishlist:item=2171478765&perks=1482024992,3142289711,3038247973,4104185692
dimwishlist:item=2171478765&perks=1840239774,3142289711,3038247973,4104185692
dimwishlist:item=2171478765&perks=4090651448,3142289711,3038247973,4104185692
dimwishlist:item=2171478765&perks=1392496348,3142289711,3038247973,4104185692
dimwishlist:item=2171478765&perks=839105230,3142289711,3038247973,4104185692
dimwishlist:item=2171478765&perks=3250034553,3230963543,3038247973,4104185692
dimwishlist:item=2171478765&perks=1482024992,3230963543,3038247973,4104185692
dimwishlist:item=2171478765&perks=1840239774,3230963543,3038247973,4104185692
dimwishlist:item=2171478765&perks=4090651448,3230963543,3038247973,4104185692
dimwishlist:item=2171478765&perks=1392496348,3230963543,3038247973,4104185692
dimwishlist:item=2171478765&perks=839105230,3230963543,3038247973,4104185692
dimwishlist:item=2171478765&perks=3250034553,1087426260,3038247973,4104185692
dimwishlist:item=2171478765&perks=1482024992,1087426260,3038247973,4104185692
dimwishlist:item=2171478765&perks=1840239774,1087426260,3038247973,4104185692
dimwishlist:item=2171478765&perks=4090651448,1087426260,3038247973,4104185692
dimwishlist:item=2171478765&perks=1392496348,1087426260,3038247973,4104185692
dimwishlist:item=2171478765&perks=839105230,1087426260,3038247973,4104185692
dimwishlist:item=2171478765&perks=3250034553,106909392,3038247973,3824105627
dimwishlist:item=2171478765&perks=1482024992,106909392,3038247973,3824105627
dimwishlist:item=2171478765&perks=1840239774,106909392,3038247973,3824105627
dimwishlist:item=2171478765&perks=4090651448,106909392,3038247973,3824105627
dimwishlist:item=2171478765&perks=1392496348,106909392,3038247973,3824105627
dimwishlist:item=2171478765&perks=839105230,106909392,3038247973,3824105627
dimwishlist:item=2171478765&perks=3250034553,3142289711,3038247973,3824105627
dimwishlist:item=2171478765&perks=1482024992,3142289711,3038247973,3824105627
dimwishlist:item=2171478765&perks=1840239774,3142289711,3038247973,3824105627
dimwishlist:item=2171478765&perks=4090651448,3142289711,3038247973,3824105627
dimwishlist:item=2171478765&perks=1392496348,3142289711,3038247973,3824105627
dimwishlist:item=2171478765&perks=839105230,3142289711,3038247973,3824105627
dimwishlist:item=2171478765&perks=3250034553,3230963543,3038247973,3824105627
dimwishlist:item=2171478765&perks=1482024992,3230963543,3038247973,3824105627
dimwishlist:item=2171478765&perks=1840239774,3230963543,3038247973,3824105627
dimwishlist:item=2171478765&perks=4090651448,3230963543,3038247973,3824105627
dimwishlist:item=2171478765&perks=1392496348,3230963543,3038247973,3824105627
dimwishlist:item=2171478765&perks=839105230,3230963543,3038247973,3824105627
dimwishlist:item=2171478765&perks=3250034553,1087426260,3038247973,3824105627
dimwishlist:item=2171478765&perks=1482024992,1087426260,3038247973,3824105627
dimwishlist:item=2171478765&perks=1840239774,1087426260,3038247973,3824105627
dimwishlist:item=2171478765&perks=4090651448,1087426260,3038247973,3824105627
dimwishlist:item=2171478765&perks=1392496348,1087426260,3038247973,3824105627
dimwishlist:item=2171478765&perks=839105230,1087426260,3038247973,3824105627
dimwishlist:item=2171478765&perks=3250034553,106909392,1774574192,11612903
dimwishlist:item=2171478765&perks=1482024992,106909392,1774574192,11612903
dimwishlist:item=2171478765&perks=1840239774,106909392,1774574192,11612903
dimwishlist:item=2171478765&perks=4090651448,106909392,1774574192,11612903
dimwishlist:item=2171478765&perks=1392496348,106909392,1774574192,11612903
dimwishlist:item=2171478765&perks=839105230,106909392,1774574192,11612903
dimwishlist:item=2171478765&perks=3250034553,3142289711,1774574192,11612903
dimwishlist:item=2171478765&perks=1482024992,3142289711,1774574192,11612903
dimwishlist:item=2171478765&perks=1840239774,3142289711,1774574192,11612903
dimwishlist:item=2171478765&perks=4090651448,3142289711,1774574192,11612903
dimwishlist:item=2171478765&perks=1392496348,3142289711,1774574192,11612903
dimwishlist:item=2171478765&perks=839105230,3142289711,1774574192,11612903
dimwishlist:item=2171478765&perks=3250034553,3230963543,1774574192,11612903
dimwishlist:item=2171478765&perks=1482024992,3230963543,1774574192,11612903
dimwishlist:item=2171478765&perks=1840239774,3230963543,1774574192,11612903
dimwishlist:item=2171478765&perks=4090651448,3230963543,1774574192,11612903
dimwishlist:item=2171478765&perks=1392496348,3230963543,1774574192,11612903
dimwishlist:item=2171478765&perks=839105230,3230963543,1774574192,11612903
dimwishlist:item=2171478765&perks=3250034553,1087426260,1774574192,11612903
dimwishlist:item=2171478765&perks=1482024992,1087426260,1774574192,11612903
dimwishlist:item=2171478765&perks=1840239774,1087426260,1774574192,11612903
dimwishlist:item=2171478765&perks=4090651448,1087426260,1774574192,11612903
dimwishlist:item=2171478765&perks=1392496348,1087426260,1774574192,11612903
dimwishlist:item=2171478765&perks=839105230,1087426260,1774574192,11612903

//